LOG,FWD,chr1,1,10000,1,10001,0,0,0
LOG,REV,chr1,1,10000,1709936,1719936,1859,5516,5516
LOG,FWD,chr1,10001,20000,10001,20001,0,0,0
LOG,REV,chr1,10001,20000,-1,-1,-1,-1,-1
LOG,FWD,chr1,20001,30000,20001,30001,2,0,0
LOG,REV,chr1,20001,30000,1773140,1783140,1789,5664,5664
LOG,FWD,chr1,30001,40000,30001,40001,0,0,0
LOG,REV,chr1,30001,40000,-1,-1,-1,-1,-1
LOG,FWD,chr1,40001,50000,40001,50001,0,0,0
LOG,REV,chr1,40001,50000,2768930,2779014,1165,3467,3551
LOG,FWD,chr1,50001,60000,50001,60001,1570,4692,4692
LOG,REV,chr1,50001,60000,2758930,2768930,2,0,0
LOG,FWD,chr1,60001,70000,-1,-1,-1,-1,-1
LOG,REV,chr1,60001,70000,2748930,2758930,2,0,0
LOG,FWD,chr1,70001,80000,-1,-1,-1,-1,-1
LOG,REV,chr1,70001,80000,2738930,2748930,0,0,0
LOG,FWD,chr1,80001,90000,-1,-1,-1,-1,-1
LOG,REV,chr1,80001,90000,2729272,2738930,2,342,0
LOG,FWD,chr1,90001,100000,-1,-1,-1,-1,-1
LOG,REV,chr1,90001,100000,2719272,2729272,1,0,0
LOG,FWD,chr1,100001,110000,-1,-1,-1,-1,-1
LOG,REV,chr1,100001,110000,2709272,2719272,1,0,0
LOG,FWD,chr1,110001,120000,-1,-1,-1,-1,-1
LOG,REV,chr1,110001,120000,2699272,2709272,0,0,0
LOG,FWD,chr1,120001,130000,-1,-1,-1,-1,-1
LOG,REV,chr1,120001,130000,2683728,2693747,768,2335,2354
LOG,FWD,chr1,130001,140000,143831,153577,906,3008,2754
LOG,REV,chr1,130001,140000,2673728,2683728,1,0,0
LOG,FWD,chr1,140001,150000,-1,-1,-1,-1,-1
LOG,REV,chr1,140001,150000,2663728,2673728,0,0,0
LOG,FWD,chr1,150001,160000,-1,-1,-1,-1,-1
LOG,REV,chr1,150001,160000,2653728,2663728,0,0,0
LOG,FWD,chr1,160001,170000,-1,-1,-1,-1,-1
LOG,REV,chr1,160001,170000,2643728,2653728,0,0,0
LOG,FWD,chr1,170001,180000,-1,-1,-1,-1,-1
LOG,REV,chr1,170001,180000,2633728,2643728,0,0,0
LOG,FWD,chr1,180001,190000,-1,-1,-1,-1,-1
LOG,REV,chr1,180001,190000,2623728,2633728,0,0,0
LOG,FWD,chr1,190001,200000,-1,-1,-1,-1,-1
LOG,REV,chr1,190001,200000,2613721,2623728,1,0,7
LOG,FWD,chr1,200001,210000,-1,-1,-1,-1,-1
LOG,REV,chr1,200001,210000,2603721,2613721,0,0,0
LOG,FWD,chr1,210001,220000,-1,-1,-1,-1,-1
LOG,REV,chr1,210001,220000,2593721,2603721,0,0,0
LOG,FWD,chr1,220001,230000,-1,-1,-1,-1,-1
LOG,REV,chr1,220001,230000,2583721,2593721,0,0,0
LOG,FWD,chr1,230001,240000,-1,-1,-1,-1,-1
LOG,REV,chr1,230001,240000,2573721,2583721,0,0,0
LOG,FWD,chr1,240001,250000,-1,-1,-1,-1,-1
LOG,REV,chr1,240001,250000,2563721,2573721,0,0,0
LOG,FWD,chr1,250001,260000,-1,-1,-1,-1,-1
LOG,REV,chr1,250001,260000,2553719,2563721,3,0,2
LOG,FWD,chr1,260001,270000,-1,-1,-1,-1,-1
LOG,REV,chr1,260001,270000,2543719,2553719,550,1561,1561
LOG,FWD,chr1,270001,280000,-1,-1,-1,-1,-1
LOG,REV,chr1,270001,280000,2533373,2543373,1423,3565,3565
LOG,FWD,chr1,280001,290000,-1,-1,-1,-1,-1
LOG,REV,chr1,280001,290000,2523373,2533373,1,0,0
LOG,FWD,chr1,290001,300000,-1,-1,-1,-1,-1
LOG,REV,chr1,290001,300000,2513367,2523373,1,0,6
LOG,FWD,chr1,300001,310000,-1,-1,-1,-1,-1
LOG,REV,chr1,300001,310000,2503367,2513367,1,0,0
LOG,FWD,chr1,310001,320000,-1,-1,-1,-1,-1
LOG,REV,chr1,310001,320000,2493367,2503367,0,0,0
LOG,FWD,chr1,320001,330000,-1,-1,-1,-1,-1
LOG,REV,chr1,320001,330000,2483367,2493367,0,0,0
LOG,FWD,chr1,330001,340000,-1,-1,-1,-1,-1
LOG,REV,chr1,330001,340000,2473367,2483367,0,0,0
LOG,FWD,chr1,340001,350000,-1,-1,-1,-1,-1
LOG,REV,chr1,340001,350000,2463368,2473367,1,1,0
LOG,FWD,chr1,350001,360000,-1,-1,-1,-1,-1
LOG,REV,chr1,350001,360000,2453362,2463368,1,0,6
LOG,FWD,chr1,360001,370000,-1,-1,-1,-1,-1
LOG,REV,chr1,360001,370000,2443362,2453362,0,0,0
LOG,FWD,chr1,370001,380000,-1,-1,-1,-1,-1
LOG,REV,chr1,370001,380000,2433362,2443362,0,0,0
LOG,FWD,chr1,380001,390000,-1,-1,-1,-1,-1
LOG,REV,chr1,380001,390000,2423362,2433362,1,0,0
LOG,FWD,chr1,390001,400000,-1,-1,-1,-1,-1
LOG,REV,chr1,390001,400000,2413362,2423362,0,0,0
LOG,FWD,chr1,400001,410000,-1,-1,-1,-1,-1
LOG,REV,chr1,400001,410000,2403362,2413362,0,0,0
LOG,FWD,chr1,410001,420000,-1,-1,-1,-1,-1
LOG,REV,chr1,410001,420000,2393362,2403362,1,0,0
LOG,FWD,chr1,420001,430000,-1,-1,-1,-1,-1
LOG,REV,chr1,420001,430000,2383362,2393362,1,0,0
LOG,FWD,chr1,430001,440000,-1,-1,-1,-1,-1
LOG,REV,chr1,430001,440000,2373362,2383362,0,0,0
LOG,FWD,chr1,440001,450000,-1,-1,-1,-1,-1
LOG,REV,chr1,440001,450000,2363362,2373362,1,0,0
LOG,FWD,chr1,450001,460000,-1,-1,-1,-1,-1
LOG,REV,chr1,450001,460000,2353362,2363362,0,0,0
LOG,FWD,chr1,460001,470000,-1,-1,-1,-1,-1
LOG,REV,chr1,460001,470000,2343362,2353362,0,0,0
LOG,FWD,chr1,470001,480000,-1,-1,-1,-1,-1
LOG,REV,chr1,470001,480000,2333362,2343362,3,0,0
LOG,FWD,chr1,480001,490000,-1,-1,-1,-1,-1
LOG,REV,chr1,480001,490000,2323362,2333362,0,0,0
LOG,FWD,chr1,490001,500000,400344,410403,865,2645,2704
LOG,REV,chr1,490001,500000,2313362,2323362,0,0,0
LOG,FWD,chr1,500001,510000,-1,-1,-1,-1,-1
LOG,REV,chr1,500001,510000,2303362,2313362,1,0,0
LOG,FWD,chr1,510001,520000,-1,-1,-1,-1,-1
LOG,REV,chr1,510001,520000,2293362,2303362,0,0,0
LOG,FWD,chr1,520001,530000,-1,-1,-1,-1,-1
LOG,REV,chr1,520001,530000,2283362,2293362,0,0,0
LOG,FWD,chr1,530001,540000,-1,-1,-1,-1,-1
LOG,REV,chr1,530001,540000,2273362,2283362,1,0,0
LOG,FWD,chr1,540001,550000,-1,-1,-1,-1,-1
LOG,REV,chr1,540001,550000,2263362,2273362,0,0,0
LOG,FWD,chr1,550001,560000,-1,-1,-1,-1,-1
LOG,REV,chr1,550001,560000,2253362,2263362,0,0,0
LOG,FWD,chr1,560001,570000,-1,-1,-1,-1,-1
LOG,REV,chr1,560001,570000,2243362,2253362,0,0,0
LOG,FWD,chr1,570001,580000,-1,-1,-1,-1,-1
LOG,REV,chr1,570001,580000,2233362,2243362,0,0,0
LOG,FWD,chr1,580001,590000,-1,-1,-1,-1,-1
LOG,REV,chr1,580001,590000,2223362,2233362,0,0,0
LOG,FWD,chr1,590001,600000,-1,-1,-1,-1,-1
LOG,REV,chr1,590001,600000,2213362,2223362,0,0,0
LOG,FWD,chr1,600001,610000,-1,-1,-1,-1,-1
LOG,REV,chr1,600001,610000,2203363,2213362,1,1,0
LOG,FWD,chr1,610001,620000,-1,-1,-1,-1,-1
LOG,REV,chr1,610001,620000,2193363,2203363,1,0,0
LOG,FWD,chr1,620001,630000,-1,-1,-1,-1,-1
LOG,REV,chr1,620001,630000,2183363,2193363,3,0,0
LOG,FWD,chr1,630001,640000,-1,-1,-1,-1,-1
LOG,REV,chr1,630001,640000,2173363,2183363,0,0,0
LOG,FWD,chr1,640001,650000,-1,-1,-1,-1,-1
LOG,REV,chr1,640001,650000,2163363,2173363,0,0,0
LOG,FWD,chr1,650001,660000,-1,-1,-1,-1,-1
LOG,REV,chr1,650001,660000,2153363,2163363,0,0,0
LOG,FWD,chr1,660001,670000,-1,-1,-1,-1,-1
LOG,REV,chr1,660001,670000,2143363,2153363,0,0,0
LOG,FWD,chr1,670001,680000,-1,-1,-1,-1,-1
LOG,REV,chr1,670001,680000,2133363,2143363,0,0,0
LOG,FWD,chr1,680001,690000,761110,771110,1845,5538,5538
LOG,REV,chr1,680001,690000,2123363,2133363,0,0,0
LOG,FWD,chr1,690001,700000,-1,-1,-1,-1,-1
LOG,REV,chr1,690001,700000,2113363,2123363,0,0,0
LOG,FWD,chr1,700001,710000,2760683,2770683,1861,5594,5594
LOG,REV,chr1,700001,710000,2103363,2113363,0,0,0
LOG,FWD,chr1,710001,720000,-1,-1,-1,-1,-1
LOG,REV,chr1,710001,720000,2093363,2103363,0,0,0
LOG,FWD,chr1,720001,730000,-1,-1,-1,-1,-1
LOG,REV,chr1,720001,730000,2083371,2093363,1,8,0
LOG,FWD,chr1,730001,740000,-1,-1,-1,-1,-1
LOG,REV,chr1,730001,740000,2073371,2083371,0,0,0
LOG,FWD,chr1,740001,750000,-1,-1,-1,-1,-1
LOG,REV,chr1,740001,750000,2063371,2073371,1,0,0
LOG,FWD,chr1,750001,760000,-1,-1,-1,-1,-1
LOG,REV,chr1,750001,760000,2053371,2063371,0,0,0
LOG,FWD,chr1,760001,770000,-1,-1,-1,-1,-1
LOG,REV,chr1,760001,770000,2043371,2053371,0,0,0
LOG,FWD,chr1,770001,780000,-1,-1,-1,-1,-1
LOG,REV,chr1,770001,780000,2033371,2043371,0,0,0
LOG,FWD,chr1,780001,790000,-1,-1,-1,-1,-1
LOG,REV,chr1,780001,790000,2023371,2033371,0,0,0
LOG,FWD,chr1,790001,800000,-1,-1,-1,-1,-1
LOG,REV,chr1,790001,800000,2013371,2023371,0,0,0
LOG,FWD,chr1,800001,810000,-1,-1,-1,-1,-1
LOG,REV,chr1,800001,810000,2003371,2013371,0,0,0
LOG,FWD,chr1,810001,820000,-1,-1,-1,-1,-1
LOG,REV,chr1,810001,820000,1993371,2003371,0,0,0
LOG,FWD,chr1,820001,830000,-1,-1,-1,-1,-1
LOG,REV,chr1,820001,830000,1983371,1993371,0,0,0
LOG,FWD,chr1,830001,840000,-1,-1,-1,-1,-1
LOG,REV,chr1,830001,840000,1973371,1983371,1,0,0
LOG,FWD,chr1,840001,850000,-1,-1,-1,-1,-1
LOG,REV,chr1,840001,850000,1963371,1973371,1,0,0
LOG,FWD,chr1,850001,860000,-1,-1,-1,-1,-1
LOG,REV,chr1,850001,860000,1953371,1963371,0,0,0
LOG,FWD,chr1,860001,870000,-1,-1,-1,-1,-1
LOG,REV,chr1,860001,870000,1943371,1953371,0,0,0
LOG,FWD,chr1,870001,880000,-1,-1,-1,-1,-1
LOG,REV,chr1,870001,880000,1933371,1943371,0,0,0
LOG,FWD,chr1,880001,890000,-1,-1,-1,-1,-1
LOG,REV,chr1,880001,890000,1923371,1933371,0,0,0
LOG,FWD,chr1,890001,900000,-1,-1,-1,-1,-1
LOG,REV,chr1,890001,900000,1913371,1923371,0,0,0
LOG,FWD,chr1,900001,910000,-1,-1,-1,-1,-1
LOG,REV,chr1,900001,910000,1903371,1913371,0,0,0
LOG,FWD,chr1,910001,920000,-1,-1,-1,-1,-1
LOG,REV,chr1,910001,920000,1893371,1903371,0,0,0
LOG,FWD,chr1,920001,930000,-1,-1,-1,-1,-1
LOG,REV,chr1,920001,930000,1883371,1893371,0,0,0
LOG,FWD,chr1,930001,940000,-1,-1,-1,-1,-1
LOG,REV,chr1,930001,940000,1873371,1883371,0,0,0
LOG,FWD,chr1,940001,950000,-1,-1,-1,-1,-1
LOG,REV,chr1,940001,950000,1863371,1873371,1,0,0
LOG,FWD,chr1,950001,960000,-1,-1,-1,-1,-1
LOG,REV,chr1,950001,960000,1853371,1863371,0,0,0
LOG,FWD,chr1,960001,970000,-1,-1,-1,-1,-1
LOG,REV,chr1,960001,970000,1843372,1853371,1,1,0
LOG,FWD,chr1,970001,980000,-1,-1,-1,-1,-1
LOG,REV,chr1,970001,980000,1833375,1843372,3,3,0
LOG,FWD,chr1,980001,990000,-1,-1,-1,-1,-1
LOG,REV,chr1,980001,990000,1823375,1833375,0,0,0
LOG,FWD,chr1,990001,1000000,-1,-1,-1,-1,-1
LOG,REV,chr1,990001,1000000,1813375,1823375,1,0,0
LOG,FWD,chr1,1000001,1010000,-1,-1,-1,-1,-1
LOG,REV,chr1,1000001,1010000,1803375,1813375,0,0,0
LOG,FWD,chr1,1010001,1020000,-1,-1,-1,-1,-1
LOG,REV,chr1,1010001,1020000,1793375,1803375,0,0,0
LOG,FWD,chr1,1020001,1030000,-1,-1,-1,-1,-1
LOG,REV,chr1,1020001,1030000,1783375,1793375,0,0,0
LOG,FWD,chr1,1030001,1040000,-1,-1,-1,-1,-1
LOG,REV,chr1,1030001,1040000,1773375,1783375,0,0,0
LOG,FWD,chr1,1040001,1050000,-1,-1,-1,-1,-1
LOG,REV,chr1,1040001,1050000,1763375,1773375,0,0,0
LOG,FWD,chr1,1050001,1060000,-1,-1,-1,-1,-1
LOG,REV,chr1,1050001,1060000,1753375,1763375,0,0,0
LOG,FWD,chr1,1060001,1070000,-1,-1,-1,-1,-1
LOG,REV,chr1,1060001,1070000,1743375,1753375,0,0,0
LOG,FWD,chr1,1070001,1080000,-1,-1,-1,-1,-1
LOG,REV,chr1,1070001,1080000,1733375,1743375,0,0,0
LOG,FWD,chr1,1080001,1090000,-1,-1,-1,-1,-1
LOG,REV,chr1,1080001,1090000,1723375,1733375,0,0,0
LOG,FWD,chr1,1090001,1100000,-1,-1,-1,-1,-1
LOG,REV,chr1,1090001,1100000,1713375,1723375,0,0,0
LOG,FWD,chr1,1100001,1110000,600858,610858,1882,5463,5463
LOG,REV,chr1,1100001,1110000,1703374,1713375,1,0,1
LOG,FWD,chr1,1110001,1120000,-1,-1,-1,-1,-1
LOG,REV,chr1,1110001,1120000,1693374,1703374,0,0,0
LOG,FWD,chr1,1120001,1130000,-1,-1,-1,-1,-1
LOG,REV,chr1,1120001,1130000,1683374,1693374,0,0,0
LOG,FWD,chr1,1130001,1140000,-1,-1,-1,-1,-1
LOG,REV,chr1,1130001,1140000,1673374,1683374,0,0,0
LOG,FWD,chr1,1140001,1150000,-1,-1,-1,-1,-1
LOG,REV,chr1,1140001,1150000,1663374,1673374,0,0,0
LOG,FWD,chr1,1150001,1160000,-1,-1,-1,-1,-1
LOG,REV,chr1,1150001,1160000,1653996,1663374,1,622,0
LOG,FWD,chr1,1160001,1170000,-1,-1,-1,-1,-1
LOG,REV,chr1,1160001,1170000,1643996,1653996,0,0,0
LOG,FWD,chr1,1170001,1180000,-1,-1,-1,-1,-1
LOG,REV,chr1,1170001,1180000,1633996,1643996,0,0,0
LOG,FWD,chr1,1180001,1190000,-1,-1,-1,-1,-1
LOG,REV,chr1,1180001,1190000,1623996,1633996,0,0,0
LOG,FWD,chr1,1190001,1200000,-1,-1,-1,-1,-1
LOG,REV,chr1,1190001,1200000,1613996,1623996,1,0,0
LOG,FWD,chr1,1200001,1210000,-1,-1,-1,-1,-1
LOG,REV,chr1,1200001,1210000,1603996,1613996,0,0,0
LOG,FWD,chr1,1210001,1220000,-1,-1,-1,-1,-1
LOG,REV,chr1,1210001,1220000,1593997,1603996,1,1,0
LOG,FWD,chr1,1220001,1230000,-1,-1,-1,-1,-1
LOG,REV,chr1,1220001,1230000,1583997,1593997,0,0,0
LOG,FWD,chr1,1230001,1240000,-1,-1,-1,-1,-1
LOG,REV,chr1,1230001,1240000,1573997,1583997,0,0,0
LOG,FWD,chr1,1240001,1250000,-1,-1,-1,-1,-1
LOG,REV,chr1,1240001,1250000,1563997,1573997,0,0,0
LOG,FWD,chr1,1250001,1260000,-1,-1,-1,-1,-1
LOG,REV,chr1,1250001,1260000,1553997,1563997,0,0,0
LOG,FWD,chr1,1260001,1270000,-1,-1,-1,-1,-1
LOG,REV,chr1,1260001,1270000,1543997,1553997,0,0,0
LOG,FWD,chr1,1270001,1280000,-1,-1,-1,-1,-1
LOG,REV,chr1,1270001,1280000,1533997,1543997,0,0,0
LOG,FWD,chr1,1280001,1290000,-1,-1,-1,-1,-1
LOG,REV,chr1,1280001,1290000,1523997,1533997,0,0,0
LOG,FWD,chr1,1290001,1300000,-1,-1,-1,-1,-1
LOG,REV,chr1,1290001,1300000,1511283,1521272,503,1484,1473
LOG,FWD,chr1,1300001,1310000,-1,-1,-1,-1,-1
LOG,REV,chr1,1300001,1310000,1501280,1511283,11,14,17
LOG,FWD,chr1,1310001,1320000,1141983,1151974,1615,4971,4962
LOG,REV,chr1,1310001,1320000,1491281,1501280,2,1,0
LOG,FWD,chr1,1320001,1330000,-1,-1,-1,-1,-1
LOG,REV,chr1,1320001,1330000,1481281,1491281,1,0,0
LOG,FWD,chr1,1330001,1340000,-1,-1,-1,-1,-1
LOG,REV,chr1,1330001,1340000,-1,-1,-1,-1,-1
LOG,FWD,chr1,1340001,1350000,-1,-1,-1,-1,-1
LOG,REV,chr1,1340001,1350000,-1,-1,-1,-1,-1
LOG,FWD,chr1,1350001,1360000,-1,-1,-1,-1,-1
LOG,REV,chr1,1350001,1360000,-1,-1,-1,-1,-1
LOG,FWD,chr1,1360001,1370000,-1,-1,-1,-1,-1
LOG,REV,chr1,1360001,1370000,-1,-1,-1,-1,-1
LOG,FWD,chr1,1370001,1380000,-1,-1,-1,-1,-1
LOG,REV,chr1,1370001,1380000,-1,-1,-1,-1,-1
LOG,FWD,chr1,1380001,1390000,-1,-1,-1,-1,-1
LOG,REV,chr1,1380001,1390000,1470558,1480558,465,1450,1450
LOG,FWD,chr1,1390001,1400000,-1,-1,-1,-1,-1
LOG,REV,chr1,1390001,1400000,1460558,1470558,0,0,0
LOG,FWD,chr1,1400001,1410000,-1,-1,-1,-1,-1
LOG,REV,chr1,1400001,1410000,1450558,1460558,0,0,0
LOG,FWD,chr1,1410001,1420000,-1,-1,-1,-1,-1
LOG,REV,chr1,1410001,1420000,1440558,1450558,0,0,0
LOG,FWD,chr1,1420001,1430000,-1,-1,-1,-1,-1
LOG,REV,chr1,1420001,1430000,1430558,1440558,0,0,0
LOG,FWD,chr1,1430001,1440000,1770703,1780703,1798,5684,5684
LOG,REV,chr1,1430001,1440000,1420558,1430558,0,0,0
LOG,FWD,chr1,1440001,1450000,-1,-1,-1,-1,-1
LOG,REV,chr1,1440001,1450000,1410558,1420558,0,0,0
LOG,FWD,chr1,1450001,1460000,-1,-1,-1,-1,-1
LOG,REV,chr1,1450001,1460000,1400558,1410558,0,0,0
LOG,FWD,chr1,1460001,1470000,2225122,2235122,1833,5535,5535
LOG,REV,chr1,1460001,1470000,1390558,1400558,0,0,0
LOG,FWD,chr1,1470001,1480000,-1,-1,-1,-1,-1
LOG,REV,chr1,1470001,1480000,1380558,1390558,0,0,0
LOG,FWD,chr1,1480001,1490000,-1,-1,-1,-1,-1
LOG,REV,chr1,1480001,1490000,1370558,1380558,0,0,0
LOG,FWD,chr1,1490001,1500000,-1,-1,-1,-1,-1
LOG,REV,chr1,1490001,1500000,1360558,1370558,0,0,0
LOG,FWD,chr1,1500001,1510000,-1,-1,-1,-1,-1
LOG,REV,chr1,1500001,1510000,1350558,1360558,1,0,0
LOG,FWD,chr1,1510001,1520000,-1,-1,-1,-1,-1
LOG,REV,chr1,1510001,1520000,1338506,1348506,877,2342,2342
LOG,FWD,chr1,1520001,1530000,1704832,1714832,1849,5511,5511
LOG,REV,chr1,1520001,1530000,1328506,1338506,0,0,0
LOG,FWD,chr1,1530001,1540000,-1,-1,-1,-1,-1
LOG,REV,chr1,1530001,1540000,1318506,1328506,0,0,0
LOG,FWD,chr1,1540001,1550000,-1,-1,-1,-1,-1
LOG,REV,chr1,1540001,1550000,1308506,1318506,0,0,0
LOG,FWD,chr1,1550001,1560000,-1,-1,-1,-1,-1
LOG,REV,chr1,1550001,1560000,1298497,1308506,1,0,9
LOG,FWD,chr1,1560001,1570000,-1,-1,-1,-1,-1
LOG,REV,chr1,1560001,1570000,1288497,1298497,1,0,0
LOG,FWD,chr1,1570001,1580000,-1,-1,-1,-1,-1
LOG,REV,chr1,1570001,1580000,1278497,1288497,0,0,0
LOG,FWD,chr1,1580001,1590000,-1,-1,-1,-1,-1
LOG,REV,chr1,1580001,1590000,1268497,1278497,0,0,0
LOG,FWD,chr1,1590001,1600000,-1,-1,-1,-1,-1
LOG,REV,chr1,1590001,1600000,1258497,1268497,0,0,0
LOG,FWD,chr1,1600001,1610000,-1,-1,-1,-1,-1
LOG,REV,chr1,1600001,1610000,1248497,1258497,0,0,0
LOG,FWD,chr1,1610001,1620000,-1,-1,-1,-1,-1
LOG,REV,chr1,1610001,1620000,1238497,1248497,0,0,0
LOG,FWD,chr1,1620001,1630000,-1,-1,-1,-1,-1
LOG,REV,chr1,1620001,1630000,1228497,1238497,0,0,0
LOG,FWD,chr1,1630001,1640000,-1,-1,-1,-1,-1
LOG,REV,chr1,1630001,1640000,1218496,1228497,1,0,1
LOG,FWD,chr1,1640001,1650000,-1,-1,-1,-1,-1
LOG,REV,chr1,1640001,1650000,1208496,1218496,0,0,0
LOG,FWD,chr1,1650001,1660000,-1,-1,-1,-1,-1
LOG,REV,chr1,1650001,1660000,1198496,1208496,0,0,0
LOG,FWD,chr1,1660001,1670000,-1,-1,-1,-1,-1
LOG,REV,chr1,1660001,1670000,1188496,1198496,0,0,0
LOG,FWD,chr1,1670001,1680000,-1,-1,-1,-1,-1
LOG,REV,chr1,1670001,1680000,1178496,1188496,0,0,0
LOG,FWD,chr1,1680001,1690000,-1,-1,-1,-1,-1
LOG,REV,chr1,1680001,1690000,1168496,1178496,0,0,0
LOG,FWD,chr1,1690001,1700000,-1,-1,-1,-1,-1
LOG,REV,chr1,1690001,1700000,1158496,1168496,1,0,0
LOG,FWD,chr1,1700001,1710000,-1,-1,-1,-1,-1
LOG,REV,chr1,1700001,1710000,1148496,1158496,0,0,0
LOG,FWD,chr1,1710001,1720000,2829600,2839600,1691,4751,4751
LOG,REV,chr1,1710001,1720000,1138496,1148496,0,0,0
LOG,FWD,chr1,1720001,1730000,-1,-1,-1,-1,-1
LOG,REV,chr1,1720001,1730000,1128496,1138496,0,0,0
LOG,FWD,chr1,1730001,1740000,-1,-1,-1,-1,-1
LOG,REV,chr1,1730001,1740000,1118496,1128496,1,0,0
LOG,FWD,chr1,1740001,1750000,-1,-1,-1,-1,-1
LOG,REV,chr1,1740001,1750000,1108496,1118496,0,0,0
LOG,FWD,chr1,1750001,1760000,-1,-1,-1,-1,-1
LOG,REV,chr1,1750001,1760000,1098510,1108496,1,14,0
LOG,FWD,chr1,1760001,1770000,-1,-1,-1,-1,-1
LOG,REV,chr1,1760001,1770000,1088510,1098510,1,0,0
LOG,FWD,chr1,1770001,1780000,-1,-1,-1,-1,-1
LOG,REV,chr1,1770001,1780000,1078510,1088510,0,0,0
LOG,FWD,chr1,1780001,1790000,-1,-1,-1,-1,-1
LOG,REV,chr1,1780001,1790000,1068510,1078510,0,0,0
LOG,FWD,chr1,1790001,1800000,-1,-1,-1,-1,-1
LOG,REV,chr1,1790001,1800000,1058510,1068510,0,0,0
LOG,FWD,chr1,1800001,1810000,-1,-1,-1,-1,-1
LOG,REV,chr1,1800001,1810000,1048510,1058510,0,0,0
LOG,FWD,chr1,1810001,1820000,-1,-1,-1,-1,-1
LOG,REV,chr1,1810001,1820000,1038510,1048510,2,0,0
LOG,FWD,chr1,1820001,1830000,-1,-1,-1,-1,-1
LOG,REV,chr1,1820001,1830000,1028510,1038510,1,0,0
LOG,FWD,chr1,1830001,1840000,-1,-1,-1,-1,-1
LOG,REV,chr1,1830001,1840000,1018510,1028510,0,0,0
LOG,FWD,chr1,1840001,1850000,-1,-1,-1,-1,-1
LOG,REV,chr1,1840001,1850000,1008510,1018510,0,0,0
LOG,FWD,chr1,1850001,1860000,-1,-1,-1,-1,-1
LOG,REV,chr1,1850001,1860000,998510,1008510,0,0,0
LOG,FWD,chr1,1860001,1870000,-1,-1,-1,-1,-1
LOG,REV,chr1,1860001,1870000,988510,998510,0,0,0
LOG,FWD,chr1,1870001,1880000,-1,-1,-1,-1,-1
LOG,REV,chr1,1870001,1880000,978510,988510,0,0,0
LOG,FWD,chr1,1880001,1890000,-1,-1,-1,-1,-1
LOG,REV,chr1,1880001,1890000,968510,978510,0,0,0
LOG,FWD,chr1,1890001,1900000,-1,-1,-1,-1,-1
LOG,REV,chr1,1890001,1900000,958510,968510,1,0,0
LOG,FWD,chr1,1900001,1910000,-1,-1,-1,-1,-1
LOG,REV,chr1,1900001,1910000,948510,958510,0,0,0
LOG,FWD,chr1,1910001,1920000,-1,-1,-1,-1,-1
LOG,REV,chr1,1910001,1920000,938510,948510,0,0,0
LOG,FWD,chr1,1920001,1930000,-1,-1,-1,-1,-1
LOG,REV,chr1,1920001,1930000,928510,938510,0,0,0
LOG,FWD,chr1,1930001,1940000,-1,-1,-1,-1,-1
LOG,REV,chr1,1930001,1940000,918509,928510,1,0,1
LOG,FWD,chr1,1940001,1950000,-1,-1,-1,-1,-1
LOG,REV,chr1,1940001,1950000,908509,918509,0,0,0
LOG,FWD,chr1,1950001,1960000,-1,-1,-1,-1,-1
LOG,REV,chr1,1950001,1960000,898509,908509,0,0,0
LOG,FWD,chr1,1960001,1970000,-1,-1,-1,-1,-1
LOG,REV,chr1,1960001,1970000,888509,898509,0,0,0
LOG,FWD,chr1,1970001,1980000,-1,-1,-1,-1,-1
LOG,REV,chr1,1970001,1980000,878509,888509,1,0,0
LOG,FWD,chr1,1980001,1990000,-1,-1,-1,-1,-1
LOG,REV,chr1,1980001,1990000,868509,878509,0,0,0
LOG,FWD,chr1,1990001,2000000,-1,-1,-1,-1,-1
LOG,REV,chr1,1990001,2000000,858509,868509,0,0,0
LOG,FWD,chr1,2000001,2010000,-1,-1,-1,-1,-1
LOG,REV,chr1,2000001,2010000,848509,858509,0,0,0
LOG,FWD,chr1,2010001,2020000,-1,-1,-1,-1,-1
LOG,REV,chr1,2010001,2020000,838509,848509,0,0,0
LOG,FWD,chr1,2020001,2030000,-1,-1,-1,-1,-1
LOG,REV,chr1,2020001,2030000,828509,838509,0,0,0
LOG,FWD,chr1,2030001,2040000,-1,-1,-1,-1,-1
LOG,REV,chr1,2030001,2040000,818509,828509,0,0,0
LOG,FWD,chr1,2040001,2050000,-1,-1,-1,-1,-1
LOG,REV,chr1,2040001,2050000,808509,818509,0,0,0
LOG,FWD,chr1,2050001,2060000,-1,-1,-1,-1,-1
LOG,REV,chr1,2050001,2060000,798509,808509,0,0,0
LOG,FWD,chr1,2060001,2070000,-1,-1,-1,-1,-1
LOG,REV,chr1,2060001,2070000,788509,798509,0,0,0
LOG,FWD,chr1,2070001,2080000,-1,-1,-1,-1,-1
LOG,REV,chr1,2070001,2080000,778509,788509,0,0,0
LOG,FWD,chr1,2080001,2090000,-1,-1,-1,-1,-1
LOG,REV,chr1,2080001,2090000,768509,778509,0,0,0
LOG,FWD,chr1,2090001,2100000,-1,-1,-1,-1,-1
LOG,REV,chr1,2090001,2100000,758509,768509,0,0,0
LOG,FWD,chr1,2100001,2110000,-1,-1,-1,-1,-1
LOG,REV,chr1,2100001,2110000,748509,758509,0,0,0
LOG,FWD,chr1,2110001,2120000,-1,-1,-1,-1,-1
LOG,REV,chr1,2110001,2120000,738509,748509,1,0,0
LOG,FWD,chr1,2120001,2130000,-1,-1,-1,-1,-1
LOG,REV,chr1,2120001,2130000,728509,738509,1,0,0
LOG,FWD,chr1,2130001,2140000,-1,-1,-1,-1,-1
LOG,REV,chr1,2130001,2140000,718509,728509,0,0,0
LOG,FWD,chr1,2140001,2150000,-1,-1,-1,-1,-1
LOG,REV,chr1,2140001,2150000,708509,718509,0,0,0
LOG,FWD,chr1,2150001,2160000,2927219,2937219,1841,5615,5615
LOG,REV,chr1,2150001,2160000,698509,708509,0,0,0
LOG,FWD,chr1,2160001,2170000,-1,-1,-1,-1,-1
LOG,REV,chr1,2160001,2170000,688509,698509,0,0,0
LOG,FWD,chr1,2170001,2180000,-1,-1,-1,-1,-1
LOG,REV,chr1,2170001,2180000,678509,688509,0,0,0
LOG,FWD,chr1,2180001,2190000,-1,-1,-1,-1,-1
LOG,REV,chr1,2180001,2190000,668509,678509,0,0,0
LOG,FWD,chr1,2190001,2200000,-1,-1,-1,-1,-1
LOG,REV,chr1,2190001,2200000,658509,668509,0,0,0
LOG,FWD,chr1,2200001,2210000,-1,-1,-1,-1,-1
LOG,REV,chr1,2200001,2210000,648509,658509,0,0,0
LOG,FWD,chr1,2210001,2220000,-1,-1,-1,-1,-1
LOG,REV,chr1,2210001,2220000,638509,648509,2,0,0
LOG,FWD,chr1,2220001,2230000,-1,-1,-1,-1,-1
LOG,REV,chr1,2220001,2230000,628509,638509,0,0,0
LOG,FWD,chr1,2230001,2240000,-1,-1,-1,-1,-1
LOG,REV,chr1,2230001,2240000,618509,628509,1,0,0
LOG,FWD,chr1,2240001,2250000,-1,-1,-1,-1,-1
LOG,REV,chr1,2240001,2250000,608509,618509,0,0,0
LOG,FWD,chr1,2250001,2260000,-1,-1,-1,-1,-1
LOG,REV,chr1,2250001,2260000,598509,608509,0,0,0
LOG,FWD,chr1,2260001,2270000,2132351,2142351,1818,5589,5589
LOG,REV,chr1,2260001,2270000,588509,598509,1,0,0
LOG,FWD,chr1,2270001,2280000,-1,-1,-1,-1,-1
LOG,REV,chr1,2270001,2280000,578509,588509,0,0,0
LOG,FWD,chr1,2280001,2290000,-1,-1,-1,-1,-1
LOG,REV,chr1,2280001,2290000,568509,578509,0,0,0
LOG,FWD,chr1,2290001,2300000,-1,-1,-1,-1,-1
LOG,REV,chr1,2290001,2300000,558509,568509,1,0,0
LOG,FWD,chr1,2300001,2310000,-1,-1,-1,-1,-1
LOG,REV,chr1,2300001,2310000,548509,558509,0,0,0
LOG,FWD,chr1,2310001,2320000,-1,-1,-1,-1,-1
LOG,REV,chr1,2310001,2320000,538509,548509,0,0,0
LOG,FWD,chr1,2320001,2330000,-1,-1,-1,-1,-1
LOG,REV,chr1,2320001,2330000,528509,538509,0,0,0
LOG,FWD,chr1,2330001,2340000,-1,-1,-1,-1,-1
LOG,REV,chr1,2330001,2340000,518509,528509,0,0,0
LOG,FWD,chr1,2340001,2350000,-1,-1,-1,-1,-1
LOG,REV,chr1,2340001,2350000,508509,518509,0,0,0
LOG,FWD,chr1,2350001,2360000,-1,-1,-1,-1,-1
LOG,REV,chr1,2350001,2360000,498509,508509,1,0,0
LOG,FWD,chr1,2360001,2370000,-1,-1,-1,-1,-1
LOG,REV,chr1,2360001,2370000,488509,498509,0,0,0
LOG,FWD,chr1,2370001,2380000,-1,-1,-1,-1,-1
LOG,REV,chr1,2370001,2380000,478509,488509,0,0,0
LOG,FWD,chr1,2380001,2390000,-1,-1,-1,-1,-1
LOG,REV,chr1,2380001,2390000,468509,478509,0,0,0
LOG,FWD,chr1,2390001,2400000,-1,-1,-1,-1,-1
LOG,REV,chr1,2390001,2400000,458509,468509,0,0,0
LOG,FWD,chr1,2400001,2410000,-1,-1,-1,-1,-1
LOG,REV,chr1,2400001,2410000,448509,458509,0,0,0
LOG,FWD,chr1,2410001,2420000,-1,-1,-1,-1,-1
LOG,REV,chr1,2410001,2420000,438509,448509,0,0,0
LOG,FWD,chr1,2420001,2430000,-1,-1,-1,-1,-1
LOG,REV,chr1,2420001,2430000,428509,438509,1,0,0
LOG,FWD,chr1,2430001,2440000,-1,-1,-1,-1,-1
LOG,REV,chr1,2430001,2440000,418509,428509,0,0,0
LOG,FWD,chr1,2440001,2450000,-1,-1,-1,-1,-1
LOG,REV,chr1,2440001,2450000,408509,418509,0,0,0
LOG,FWD,chr1,2450001,2460000,2765070,2775089,849,2649,2668
LOG,REV,chr1,2450001,2460000,398509,408509,2,0,0
LOG,FWD,chr1,2460001,2470000,-1,-1,-1,-1,-1
LOG,REV,chr1,2460001,2470000,388509,398509,0,0,0
LOG,FWD,chr1,2470001,2480000,-1,-1,-1,-1,-1
LOG,REV,chr1,2470001,2480000,378509,388509,0,0,0
LOG,FWD,chr1,2480001,2490000,2129236,2139236,1859,5505,5505
LOG,REV,chr1,2480001,2490000,368509,378509,0,0,0
LOG,FWD,chr1,2490001,2500000,-1,-1,-1,-1,-1
LOG,REV,chr1,2490001,2500000,358509,368509,0,0,0
LOG,FWD,chr1,2500001,2510000,-1,-1,-1,-1,-1
LOG,REV,chr1,2500001,2510000,348509,358509,0,0,0
LOG,FWD,chr1,2510001,2520000,-1,-1,-1,-1,-1
LOG,REV,chr1,2510001,2520000,338509,348509,0,0,0
LOG,FWD,chr1,2520001,2530000,-1,-1,-1,-1,-1
LOG,REV,chr1,2520001,2530000,328509,338509,0,0,0
LOG,FWD,chr1,2530001,2540000,-1,-1,-1,-1,-1
LOG,REV,chr1,2530001,2540000,318509,328509,0,0,0
LOG,FWD,chr1,2540001,2550000,-1,-1,-1,-1,-1
LOG,REV,chr1,2540001,2550000,308509,318509,0,0,0
LOG,FWD,chr1,2550001,2560000,-1,-1,-1,-1,-1
LOG,REV,chr1,2550001,2560000,298509,308509,0,0,0
LOG,FWD,chr1,2560001,2570000,-1,-1,-1,-1,-1
LOG,REV,chr1,2560001,2570000,288509,298509,1,0,0
LOG,FWD,chr1,2570001,2580000,-1,-1,-1,-1,-1
LOG,REV,chr1,2570001,2580000,278509,288509,0,0,0
LOG,FWD,chr1,2580001,2590000,-1,-1,-1,-1,-1
LOG,REV,chr1,2580001,2590000,268509,278509,0,0,0
LOG,FWD,chr1,2590001,2600000,-1,-1,-1,-1,-1
LOG,REV,chr1,2590001,2600000,258509,268509,0,0,0
LOG,FWD,chr1,2600001,2610000,-1,-1,-1,-1,-1
LOG,REV,chr1,2600001,2610000,248509,258509,0,0,0
LOG,FWD,chr1,2610001,2620000,-1,-1,-1,-1,-1
LOG,REV,chr1,2610001,2620000,238509,248509,2,0,0
LOG,FWD,chr1,2620001,2630000,-1,-1,-1,-1,-1
LOG,REV,chr1,2620001,2630000,228509,238509,1,0,0
LOG,FWD,chr1,2630001,2640000,-1,-1,-1,-1,-1
LOG,REV,chr1,2630001,2640000,218509,228509,0,0,0
LOG,FWD,chr1,2640001,2650000,-1,-1,-1,-1,-1
LOG,REV,chr1,2640001,2650000,208509,218509,0,0,0
LOG,FWD,chr1,2650001,2660000,-1,-1,-1,-1,-1
LOG,REV,chr1,2650001,2660000,198509,208509,1,0,0
LOG,FWD,chr1,2660001,2670000,2225275,2235275,1803,5634,5634
LOG,REV,chr1,2660001,2670000,188509,198509,0,0,0
LOG,FWD,chr1,2670001,2680000,-1,-1,-1,-1,-1
LOG,REV,chr1,2670001,2680000,178509,188509,0,0,0
LOG,FWD,chr1,2680001,2690000,-1,-1,-1,-1,-1
LOG,REV,chr1,2680001,2690000,168509,178509,0,0,0
LOG,FWD,chr1,2690001,2700000,-1,-1,-1,-1,-1
LOG,REV,chr1,2690001,2700000,158509,168509,0,0,0
LOG,FWD,chr1,2700001,2710000,2674542,2684514,777,2174,2146
LOG,REV,chr1,2700001,2710000,148510,158509,2,1,0
LOG,FWD,chr1,2710001,2720000,2317849,2327868,923,2831,2850
LOG,REV,chr1,2710001,2720000,138510,148510,1,0,0
LOG,FWD,chr1,2720001,2730000,-1,-1,-1,-1,-1
LOG,REV,chr1,2720001,2730000,128522,138510,1,12,0
LOG,FWD,chr1,2730001,2740000,-1,-1,-1,-1,-1
LOG,REV,chr1,2730001,2740000,118522,128522,0,0,0
LOG,FWD,chr1,2740001,2750000,-1,-1,-1,-1,-1
LOG,REV,chr1,2740001,2750000,108522,118522,0,0,0
LOG,FWD,chr1,2750001,2760000,-1,-1,-1,-1,-1
LOG,REV,chr1,2750001,2760000,98522,108522,0,0,0
LOG,FWD,chr1,2760001,2770000,-1,-1,-1,-1,-1
LOG,REV,chr1,2760001,2770000,88522,98522,0,0,0
LOG,FWD,chr1,2770001,2780000,-1,-1,-1,-1,-1
LOG,REV,chr1,2770001,2780000,78522,88522,0,0,0
LOG,FWD,chr1,2780001,2790000,-1,-1,-1,-1,-1
LOG,REV,chr1,2780001,2790000,68522,78522,0,0,0
LOG,FWD,chr1,2790001,2800000,-1,-1,-1,-1,-1
LOG,REV,chr1,2790001,2800000,58522,68522,0,0,0
LOG,FWD,chr1,2800001,2810000,-1,-1,-1,-1,-1
LOG,REV,chr1,2800001,2810000,48522,58522,2,0,0
LOG,FWD,chr1,2810001,2820000,2770409,2780409,0,0,0
LOG,REV,chr1,2810001,2820000,-1,-1,-1,-1,-1
LOG,FWD,chr1,2820001,2830000,2780409,2790409,0,0,0
LOG,REV,chr1,2820001,2830000,-1,-1,-1,-1,-1
LOG,FWD,chr1,2830001,2840000,2790409,2800409,0,0,0
LOG,REV,chr1,2830001,2840000,-1,-1,-1,-1,-1
LOG,FWD,chr1,2840001,2850000,2800409,2810409,0,0,0
LOG,REV,chr1,2840001,2850000,-1,-1,-1,-1,-1
LOG,FWD,chr1,2850001,2860000,2810409,2820409,2,0,0
LOG,REV,chr1,2850001,2860000,-1,-1,-1,-1,-1
LOG,FWD,chr1,2860001,2870000,2820409,2830409,0,0,0
LOG,REV,chr1,2860001,2870000,-1,-1,-1,-1,-1
LOG,FWD,chr1,2870001,2880000,2830409,2840410,1359,4038,4039
LOG,REV,chr1,2870001,2880000,-1,-1,-1,-1,-1
LOG,FWD,chr1,2880001,2890000,2841671,2851671,1,0,0
LOG,REV,chr1,2880001,2890000,-1,-1,-1,-1,-1
LOG,FWD,chr1,2890001,2900000,2851671,2861671,0,0,0
LOG,REV,chr1,2890001,2900000,-1,-1,-1,-1,-1
LOG,FWD,chr1,2900001,2910000,2861671,2871671,0,0,0
LOG,REV,chr1,2900001,2910000,-1,-1,-1,-1,-1
LOG,FWD,chr1,2910001,2920000,2871671,2881671,0,0,0
LOG,REV,chr1,2910001,2920000,-1,-1,-1,-1,-1
LOG,FWD,chr1,2920001,2930000,2881671,2891671,0,0,0
LOG,REV,chr1,2920001,2930000,-1,-1,-1,-1,-1
LOG,FWD,chr1,2930001,2940000,2891671,2901671,0,0,0
LOG,REV,chr1,2930001,2940000,-1,-1,-1,-1,-1
LOG,FWD,chr1,2940001,2950000,2901671,2910410,1,1261,0
LOG,REV,chr1,2940001,2950000,2830539,2840539,1615,4923,4923
LOG,FWD,chr1,2950001,2960000,2910410,2920411,2,0,1
LOG,REV,chr1,2950001,2960000,-1,-1,-1,-1,-1
LOG,FWD,chr1,2960001,2970000,2920411,2930411,0,0,0
LOG,REV,chr1,2960001,2970000,705601,715601,1852,5616,5616
LOG,FWD,chr1,2970001,2980000,2930411,2940411,0,0,0
LOG,REV,chr1,2970001,2980000,-1,-1,-1,-1,-1
LOG,FWD,chr1,2980001,2990000,2940411,2950411,0,0,0
LOG,REV,chr1,2980001,2990000,-1,-1,-1,-1,-1
LOG,FWD,chr1,2990001,3000000,2950411,2960411,0,0,0
LOG,REV,chr1,2990001,3000000,-1,-1,-1,-1,-1
LOG,FWD,chr1,3000001,3015094,2960411,2975505,0,0,0
LOG,REV,chr1,3000001,3015094,-1,-1,-1,-1,-1
